1 2
2 2
3 1
4 1
5 1
6 9
7 15
8 4
9 6
10 10
11 3
12 5
13 6
14 2
15 10
16 5
17 9
18 3
19 3
20 2
21 13
22 3
23 2
24 1
25 10
26 4
27 3
28 5
29 2
30 6
31 3
32 2
33 2
34 3
35 5
36 3
37 1
38 3
39 5
40 6
41 4
42 3
43 4
44 2
45 64
46 4
47 1
48 4
49 3
50 3
51 3
52 12
53 2
54 5
55 2
56 4
57 1
58 3
59 2
60 2
61 16
62 2
63 22
64 3
65 5
66 2
67 4
68 8
69 4
70 9
71 13
72 1
73 3
74 7
75 10
76 74
77 3
78 4
79 5
80 2
81 3
82 4
83 4
84 1
85 4
86 1
87 6
88 6
89 2
90 1
91 14
92 6
93 2
94 6
95 1
96 32
97 10
98 15
99 1
100 4
101 22
102 138
103 7
104 13
105 1
106 4
107 41
108 1
109 29
110 12
111 5
112 4
113 3
114 8
115 12
116 15
117 6
118 6
119 4
120 1
121 4
122 2
123 2
124 1
125 4
126 29
127 32
128 3
129 4
130 12
131 7
132 3
133 4
134 12
135 11
136 2
137 2
138 22
139 17
140 3
141 4
142 1
143 1
144 2
145 5
146 6
147 8
148 1
149 4
150 4
151 4
152 1
153 2
154 4
155 1
156 3
157 2
158 9
159 3
160 10
161 4
162 10
163 46
164 2
165 5
166 2
167 3
168 7
169 1
170 2
171 21
172 1
173 1
174 1
175 6
176 1
177 4
178 46
179 15
180 21
181 1
182 94
183 2
184 4
185 2
186 3
187 4
188 9
189 2
190 6
191 1
192 9
193 12
194 9
195 8
196 1
197 20
198 6
199 2
200 2
201 2
202 9
203 1
204 7
205 9
206 13
207 4
208 7
209 17
210 18
211 3
212 1
213 9
214 4
215 4
216 2
217 4
218 1
219 19
220 1
221 17
222 6
223 2
224 15
225 8
226 4
227 2
228 11
229 15
230 2
231 8
232 3
233 3
234 5
235 12
236 3
237 3
238 2
239 61
240 10
241 2
242 4
243 10
244 2
245 21
246 1
247 1
248 2
249 1
250 30
251 6
252 2
253 2
254 3
255 10
256 39
257 18
258 2
259 25
260 22
261 21
262 4
263 4
264 7
265 13
266 6
267 4
268 2
269 3
270 2
271 1
272 15
273 8
274 4
275 1
276 1
277 6
278 5
279 1
280 2
281 10
282 4
283 8
284 1
285 17
286 20
287 2
288 2
289 5
290 1
291 2
292 6
293 6
294 3
295 3
296 57
297 9
298 6
299 5
300 30
301 5
302 13
303 1
304 3
305 23
306 1
307 28
308 6
309 4
310 15
311 12
312 18
313 2
314 18
315 8
316 7
317 1
318 2
319 15
320 10
321 3
322 1
323 6
324 2
325 6
326 4
327 3
328 2
329 2
330 1
331 10
332 5
333 7
334 22
335 5
336 8
337 2
338 19
339 5
340 6
341 7
342 2
343 1
344 5
345 2
346 10
347 4
348 1
349 6
350 1
351 1
352 40
353 18
354 1
355 9
356 4
357 24
358 6
359 4
360 2
361 2
362 11
363 3
364 2
365 8
366 10
367 10
368 3
369 3
370 2
371 2
372 4
373 2
374 47
375 14
376 3
377 3
378 4
379 5
380 5
381 1
382 4
383 6
384 3
385 3
386 2
387 3
388 2
389 1
390 1
391 50
392 16
393 1
394 17
395 4
396 15
397 23
398 3
399 1
400 18
401 7
402 24
403 2
404 2
405 4
406 2
407 7
408 1
409 6
410 9
411 5
412 16
413 1
414 6
415 20
416 1
417 2
418 3
419 2
420 3
421 6
422 7
423 4
424 1
425 11
426 1
427 7
428 4
429 2
430 4
431 4
432 2
433 4
434 2
435 2
436 5
437 1
438 4
439 1
440 2
441 2
442 12
443 103
444 10
445 1
446 1
447 14
448 2
449 4
450 7
451 4
452 1
453 12
454 9
455 2
456 4
457 3
458 16
459 6
460 10
461 1
462 2
463 6
464 1
465 8
466 6
467 23
468 2
469 4
470 2
471 1
472 1
473 7
474 36
475 1
476 2
477 18
478 2
479 14
480 2
481 2
482 11
483 2
484 1
485 5
486 15
487 5
488 4
489 36
490 6
491 20
492 7
493 8
494 55
495 1
496 38
497 2
498 1
499 1
500 6
501 3
502 2
503 18
504 19
505 6
506 1
507 11
508 2
509 8
510 1
511 4
512 4
513 2
514 2
515 1
516 6
517 10
518 2
519 1
520 2
521 7
522 2
523 5
524 1
525 2
526 22
527 1
528 7
529 2
530 2
531 4
532 3
533 2
534 1
535 2
536 3
537 17
538 11
539 2
540 2
541 5
542 8
543 18
544 7
545 7
546 1
547 2
548 3
549 4
550 5
551 7
552 1
553 1
554 4
555 10
556 3
557 4
558 2
559 1
560 4
561 10
562 2
563 12
564 9
565 2
566 2
567 2
568 4
569 6
570 14
571 3
572 3
573 1
574 3
575 2
576 2
577 2
578 1
579 40
580 1
581 6
582 52
583 9
584 5
585 1
586 4
587 2
588 2
589 4
590 12
591 1
592 2
593 3
594 15
595 3
596 2
597 3
598 21
599 9
600 1
601 3
602 1
603 2
604 19
605 11
606 4
607 4
608 2
609 21
610 7
611 4
612 5
613 3
614 15
615 4
616 1
617 15
618 3
619 4
620 1
621 4
622 216
623 14
624 10
625 4
626 2
627 10
628 19
629 3
630 8
631 3
632 6
633 5
634 6
635 30
636 10
637 10
638 20
639 3
640 8
641 10
642 3
643 10
644 16
645 2
646 5
647 1
648 4
649 8
650 1
651 3
652 6
653 10
654 8
655 1
656 10
657 3
658 10
659 12
660 6
661 4
662 6
663 4
664 1
665 3
666 2
667 2
668 7
669 8
670 8
671 5
672 1
673 2
674 10
675 3
676 3
677 19
678 14
679 28
680 2
681 3
682 7
683 5
684 35
685 6
686 2
687 2
688 14
689 4
690 4
691 3
692 24
693 3
694 3
695 7
696 2
697 20
698 8
699 2
700 7
701 2
702 8
703 6
704 4
705 2
706 2
707 2
708 5
709 3
710 10
711 1
712 1
713 2
714 3
715 6
716 27
717 2
718 4
719 3
720 1
721 4
722 16
723 1
724 9
725 11
726 40
727 1
728 4
729 10
730 7
731 45
732 2
733 11
734 2
735 7
736 7
737 4
738 4
739 7
740 4
741 2
742 1
743 12
744 1
745 20
746 3
747 2
748 3
749 15
750 16
751 2
752 1
753 4
754 10
755 12
756 3
757 2
758 25
759 1
760 1
761 2
762 3
763 2
764 4
765 19
766 6
767 6
768 3
769 3
770 28
771 17
772 6
773 4
774 4
775 1
776 6
777 4
778 2
779 1
780 2
781 7
782 4
783 8
784 21
785 3
786 14
787 8
788 34
789 2
790 2
791 4
792 5
793 9
794 1
795 2
796 6
797 18
798 6
799 6
800 6
801 15
802 1
803 6
804 2
805 2
806 2
807 8
808 11
809 7
810 4
811 2
812 1
813 1
814 1
815 15
816 14
817 18
818 1
819 1
820 16
821 2
822 6
823 1
824 1
825 1
826 2
827 6
828 1
829 7
830 2
831 2
832 1
833 2
834 26
835 3
836 8
837 2
838 4
839 2
840 1
841 4
842 6
843 3
844 7
845 1
846 95
847 5
848 12
849 10
850 2
851 6
852 10
853 2
854 6
855 2
856 5
857 2
858 34
859 11
860 6
861 10
862 3
863 4
864 22
865 1
866 20
867 13
868 3
869 2
870 4
871 2
872 3
873 8
874 4
875 30
876 4
877 1
878 3
879 10
880 12
881 13
882 6
883 2
884 8
885 3
886 4
887 15
888 2
889 6
890 7
891 4
892 36
893 2
894 4
895 4
896 15
897 8
898 2
899 7
900 6
901 5
902 11
903 6
904 4
905 4
906 6
907 7
908 5
909 6
910 6
911 3
912 4
913 13
914 34
915 4
916 3
917 1
918 8
919 12
920 3
921 9
922 6
923 4
924 6
925 3
926 13
927 8
928 2
929 4
930 12
931 6
932 8
933 1
934 12
935 6
936 20
937 44
938 4
939 15
940 1
941 3
942 4
943 15
944 21
945 10
946 13
947 4
948 2
949 56
950 3
951 2
952 2
953 15
954 9
955 8
956 6
957 3
958 5
959 3
960 15
961 2
962 1
963 21
964 10
965 2
966 28
967 4
968 8
969 12
970 5
971 4
972 1
973 1
974 1
975 2
976 1
977 2
978 4
979 1
980 1
981 2
982 7
983 12
984 4
985 10
986 7
987 9
988 3
989 16
990 3
991 10
992 15
993 3
994 1
995 3
996 3
997 2
998 3
999 7
1000 3
7753
